889
0 19 52 96 114 153 208 255 291 364 411 450 494 548 605 
0 23 53 82 94 119 157 186 225 244 266 289 316 397 416 
0 40 67 114 175 219 252 292 327 351 390 412 466 520 548 
0 25 84 137 154 184 196 233 311 343 361 394 434 474 513 
0 38 53 88 106 138 161 184 235 278 326 392 423 442 479 
0 32 95 119 162 183 208 291 356 383 437 466 511 532 575 
0 57 95 110 153 192 220 303 366 378 398 419 474 504 548 
0 19 45 138 173 206 222 273 383 412 460 498 528 551 618 
0 39 56 98 139 186 202 220 255 279 331 361 373 398 442 
0 19 72 99 140 258 281 309 326 356 407 428 489 532 556 
19 38 60 96 118 154 171 207 241 303 447 476 501 518 585 
56 132 154 180 205 218 299 310 336 476 491 550 567 624 670 
22 43 88 187 252 278 323 362 433 453 489 519 548 573 605 
20 83 107 219 291 325 373 428 491 556 583 625 658 684 720 
212 310 357 390 423 542 571 585 625 689 726 760 783 796 836 
243 281 378 425 465 513 573 608 645 694 713 760 791 817 852 
99 171 202 241 325 406 442 489 520 548 585 622 651 720 750 
38 61 146 275 322 416 479 574 605 616 651 670 682 700 734 
56 118 178 257 292 312 343 392 491 540 573 616 654 674 691 
0 70 95 349 370 397 427 450 549 585 713 750 774 786 805 
