2322
0 38 186 210 323 399 437 461 614 733 
0 99 151 244 336 488 582 727 819 931 
0 113 125 204 274 326 372 433 484 605 
0 75 149 198 318 421 532 658 784 792 
0 137 204 361 456 527 651 705 762 888 
38 115 149 244 384 428 488 610 670 777 
0 367 445 546 755 841 895 992 1052 1059 
445 555 669 819 876 1000 1137 1198 1230 1293 
0 38 102 531 841 947 992 1052 1145 1204 
142 288 399 479 524 640 745 820 908 977 
153 547 728 792 1052 1145 1165 1293 1361 1371 
0 170 581 699 799 904 1016 1198 1215 1239 
0 198 257 296 515 610 651 666 743 863 
177 236 463 568 872 927 1026 1125 1247 1287 
0 43 214 296 384 433 497 642 909 947 
38 191 765 1085 1189 1256 1311 1415 1503 1583 
110 789 875 1344 1417 1503 1573 1632 1656 1725 
121 211 300 620 651 963 983 1126 1196 1215 
125 146 276 472 1026 1110 1255 1288 1337 1428 
361 384 403 687 1365 1449 1475 1637 1642 1666 
91 316 451 861 983 1444 1481 1490 1573 1768 
71 125 409 526 1026 1287 1308 1362 1421 1449 
915 971 1026 1293 1349 1469 1571 1640 1820 1882 
38 91 96 384 666 906 1062 1333 1415 1428 
443 1249 1481 1583 1666 1751 1820 1845 1926 2012 
91 139 231 307 450 1435 1554 1694 1740 1812 
39 461 1571 1882 1926 1997 2062 2135 2234 2258 
670 1196 1642 1902 1937 1967 2012 2020 2102 2234 
349 372 743 971 1165 1225 1256 1517 1611 1694 
725 1611 1640 1667 1747 1753 1792 1871 1899 1965 
