1676
0 50 105 176 285 327 361 377 398 451 509 561 669 700 762 
0 79 162 239 303 337 416 459 520 603 622 659 752 844 906 
0 104 181 303 363 459 557 650 667 708 752 821 885 909 1020 
0 77 204 243 268 363 398 433 509 557 652 721 844 913 923 
0 162 190 268 327 431 499 508 551 603 630 721 821 837 945 
0 21 190 268 340 354 416 458 486 551 594 683 727 905 938 
0 423 652 702 838 883 935 1068 1088 1121 1208 1282 1396 1501 1595 
21 79 169 259 341 377 405 423 700 786 923 1020 1088 1133 1205 
77 104 176 243 334 353 455 472 520 582 594 669 771 813 984 
54 181 519 622 677 813 907 1013 1054 1126 1217 1324 1403 1501 1519 
0 105 201 594 786 855 938 996 1067 1089 1121 1178 1257 1271 1302 
0 92 201 261 767 829 873 883 971 1068 1097 1208 1274 1314 1358 
0 65 169 312 346 855 972 1030 1133 1282 1321 1408 1472 1528 1560 
83 167 332 458 499 829 914 1030 1119 1186 1274 1362 1385 1405 1426 
167 204 285 508 565 650 764 873 1034 1067 1119 1403 1471 1525 1579 
