2470
0 92 172 288 340 341 463 520 536 542 548 567 663 697 797 
0 92 236 288 422 516 656 665 750 797 908 965 991 1037 1094 
0 98 182 265 391 520 572 663 773 828 862 939 971 1114 1154 
188 248 336 516 592 712 763 857 899 906 951 979 1142 1191 1270 
0 141 237 388 563 641 721 820 951 1072 1137 1312 1370 1445 1446 
252 437 641 721 763 810 820 899 939 979 1060 1186 1232 1245 1297 
0 92 110 461 662 791 865 965 1032 1114 1266 1370 1462 1530 1661 
0 107 347 476 619 712 786 862 906 1092 1150 1232 1337 1386 1462 
0 92 321 388 592 673 856 932 1068 1203 1347 1486 1577 1757 1834 
92 206 303 340 368 488 528 619 640 697 1237 1409 1539 1616 1679 
435 898 914 933 1012 1019 1093 1100 1150 1340 1441 1616 1687 1777 1811 
132 219 673 693 914 965 996 1066 1224 1398 1529 1574 1699 1811 1910 
131 260 341 680 689 712 936 991 1037 1054 1345 1468 1530 1595 1679 
144 236 303 388 477 495 689 759 828 838 890 1143 1375 1394 1533 
264 416 476 667 759 810 996 1394 1611 1656 1834 1930 1931 1982 2055 
508 985 1093 1177 1193 1221 1225 1378 1574 1930 1951 2048 2130 2174 2211 
142 298 495 818 886 928 988 1469 1656 1951 1975 2090 2167 2297 2379 
92 136 532 1029 1099 1162 1221 1538 1687 1910 1980 2001 2030 2174 2238 
539 665 786 865 890 988 1099 1245 1446 1539 1960 1982 2055 2130 2199 
106 886 933 1039 1153 1156 1177 1218 1312 1415 1585 2167 2211 2297 2380 
