3780
0 92 168 283 334 335 387 444 490 496 
0 92 159 261 347 444 459 490 495 502 
92 347 434 517 625 673 780 916 967 1072 
123 163 373 480 566 609 620 691 746 780 
141 256 505 609 684 781 862 963 1163 1208 
0 117 455 497 673 697 762 822 916 986 
0 157 458 658 831 860 932 1061 1297 1380 
187 538 640 732 860 867 917 1159 1264 1334 
331 398 625 699 867 943 974 1053 1253 1404 
401 781 799 952 999 1038 1297 1299 1405 1534 
92 200 336 541 785 860 1053 1190 1299 1439 
559 697 789 842 907 1146 1309 1449 1494 1579 
115 860 960 1038 1150 1180 1357 1483 1579 1683 
0 565 595 825 895 1383 1483 1608 1724 1834 
92 583 683 852 1119 1457 1534 1585 1740 1865 
274 445 997 1105 1206 1311 1419 1564 1775 1853 
783 995 1067 1180 1203 1659 1714 1949 2068 2154 
859 908 1014 1052 1137 1478 1666 1673 1735 1853 
904 1042 1149 1178 1248 1625 1778 2023 2103 2155 
676 1035 1157 1229 1277 1294 1453 1523 1884 1949 
228 756 900 1206 1267 1673 1757 1860 1954 2114 
371 1063 1187 1234 1431 1764 2088 2242 2318 2482 
452 1045 1204 1322 1338 1949 2034 2041 2186 2324 
113 1279 1389 1463 1547 1632 1800 1988 2159 2267 
114 316 526 891 1323 1787 1823 2014 2242 2346 
1345 1362 1441 1497 1612 1789 1865 2125 2332 2374 
970 1361 1440 1482 1569 1954 2041 2235 2411 2563 
335 1366 1455 1619 1749 1995 2137 2358 2387 2480 
702 1118 1247 1425 1551 1654 2045 2387 2497 2652 
1469 1553 1693 1789 1831 2074 2157 2242 2518 2544 
731 1104 1253 1524 1709 1918 2344 2522 2617 2733 
1565 1637 1712 1828 1891 2402 2480 2572 2741 2848 
1294 1458 1729 1831 1923 2385 2504 2616 2714 2813 
1555 1599 1672 1730 1886 2560 2826 2873 2903 2971 
1363 1576 1744 1831 1962 2158 2395 2780 2809 2882 
1194 1644 1781 2058 2119 2644 2809 2952 3044 3045 
1664 1895 1989 2068 2119 2190 2485 2957 3045 3115 
1331 1933 2015 2115 2174 2625 2763 2871 3018 3096 
1334 1704 2190 2270 2361 2646 2701 2890 3029 3123 
1410 1966 2270 2364 2413 2982 3162 3274 3354 3429 
1749 1842 2364 2417 2447 2556 2663 3019 3115 3180 
1834 2417 2503 2504 2605 2950 3059 3242 3379 3400 
1342 1469 2068 2115 2191 2682 3060 3170 3202 3288 
1435 2174 2248 2503 2542 2713 3152 3310 3415 3423 
2064 2248 2249 2542 2585 2978 3155 3230 3288 3366 
2108 2143 2195 2585 2659 2801 3022 3230 3324 3496 
1437 2249 2308 2659 2704 2897 3032 3332 3423 3521 
2129 2704 2757 2814 2909 3014 3044 3404 3496 3516 
2757 2855 2932 2997 3048 3590 3613 3692 3722 3763 
1691 2133 2227 2308 2855 2934 3045 3123 3264 3349 
