3153
0 57 80 240 264 353 454 502 542 609 
0 83 224 295 441 695 749 780 831 958 
35 172 210 443 516 578 632 758 762 795 
0 131 245 498 707 802 975 1036 1080 1110 
0 54 158 307 379 541 602 802 894 968 
0 83 342 523 834 969 1065 1177 1281 1310 
0 64 210 365 550 639 752 824 994 1027 
213 265 391 459 559 711 906 1005 1036 1080 
60 180 428 474 550 626 706 924 1127 1183 
236 370 467 510 580 602 687 758 1167 1200 
345 484 513 691 1012 1093 1157 1298 1375 1502 
0 186 229 270 304 757 1036 1204 1404 1590 
0 93 163 467 1096 1125 1184 1294 1360 1416 
80 134 245 266 416 635 737 1122 1217 1374 
50 182 424 524 550 780 1141 1196 1298 1331 
46 132 316 381 537 672 1196 1282 1358 1455 
345 513 550 689 753 1241 1351 1444 1539 1588 
410 547 612 859 1181 1470 1559 1654 1685 1696 
88 236 622 658 752 877 919 1278 1527 1536 
189 297 581 663 825 963 1084 1318 1361 1498 
222 249 640 902 973 1163 1536 1645 1685 1799 
360 733 843 1335 1434 1688 1689 1793 1838 1946 
225 1048 1247 1486 1583 1622 1739 1922 1964 2080 
56 576 1070 1093 1222 1331 1541 1634 1689 1836 
113 174 308 888 975 1319 1404 1798 1964 2143 
35 174 646 1353 1411 1595 1685 1760 1770 1866 
993 1038 1245 1409 1477 1830 1932 2028 2071 2219 
334 379 762 1026 1124 1272 1299 1583 1789 1869 
1052 1236 1287 1423 1500 1613 1654 1728 1966 2010 
747 911 1398 1540 1629 1707 1854 2057 2125 2163 
455 1326 1746 2055 2140 2234 2324 2362 2393 2477 
195 920 1440 1679 1684 1787 1952 2020 2105 2222 
593 736 934 1084 1340 1404 1675 1741 1743 1869 
835 1109 1252 1448 1887 1919 1975 2020 2135 2290 
0 1030 1550 1648 1748 1857 1944 1982 2203 2250 
933 1332 1470 1648 1746 1838 2077 2123 2324 2345 
1179 1200 1495 1559 1684 1778 1952 2054 2210 2231 
619 1675 1791 1907 2152 2207 2299 2362 2409 2517 
1763 1862 1907 1965 2019 2080 2168 2231 2266 2328 
2041 2162 2194 2209 2345 2409 2471 2607 2623 2705 
546 578 621 1940 2087 2159 2284 2419 2471 2527 
959 1119 1168 2300 2361 2479 2623 2745 2749 2857 
1650 1832 2124 2219 2386 2393 2415 2527 2611 2612 
448 825 2042 2120 2209 2331 2419 2420 2517 2614 
828 1499 1713 1858 1952 2120 2180 2577 2612 2749 
0 857 1159 2471 2551 2639 2658 2739 2890 2947 
590 982 1113 1174 1301 1707 2095 2389 2551 2611 
943 2687 2688 2731 2835 2842 2922 2967 2980 3060 
1391 2688 2770 2857 2922 2986 3047 3068 3100 3116 
155 1823 1889 2197 2307 2379 2435 2604 2639 2770 
