1821
0 94 184 213 266 306 363 428 510 520 547 644 736 832 950 
0 94 125 213 320 378 510 520 529 620 699 733 826 851 950 
0 94 176 220 322 372 464 526 532 605 690 811 882 921 1006 
0 94 117 220 250 303 485 565 658 711 802 832 888 1033 1154 
0 176 250 303 363 399 428 547 669 832 1125 1222 1264 1381 1461 
125 169 306 394 518 534 646 772 855 1218 1244 1294 1381 1443 1457 
0 94 266 333 355 461 576 595 658 908 983 1026 1050 1135 1222 
0 154 212 286 394 543 802 1244 1306 1312 1374 1381 1461 1464 1521 
0 94 124 264 397 410 523 605 748 826 888 973 981 1047 1163 
94 124 216 246 337 410 578 644 733 855 1306 1375 1420 1502 1508 
94 335 377 427 435 526 620 709 901 933 961 1375 1468 1474 1509 
0 94 137 212 271 428 431 532 566 640 736 806 851 918 976 
206 271 431 673 784 815 848 902 979 1063 1468 1516 1606 1681 1777 
0 137 194 245 320 372 461 520 606 943 976 993 1051 1067 1087 
94 199 455 709 743 780 806 933 1006 1011 1019 1067 1154 1288 1308 
