2149
0 60 122 154 235 300 353 384 524 558 585 645 736 774 801 951 1063 1081 1103 1227 
0 14 103 227 239 323 391 478 547 592 634 672 829 883 1000 1045 1055 1116 1136 1185 
0 60 105 139 235 300 375 467 536 576 602 672 702 720 883 932 1052 1146 1185 1356 
0 77 172 214 337 460 556 640 688 696 717 743 932 1023 1030 1136 1232 1323 1388 1463 
77 139 255 257 269 375 480 558 593 714 767 827 881 980 1131 1146 1180 1262 1338 1410 
139 162 257 290 359 370 482 526 593 680 763 780 880 946 1041 1147 1179 1329 1383 1386 
0 96 183 228 290 300 319 322 400 451 526 556 607 662 766 780 825 842 866 994 
0 14 96 140 162 171 226 255 323 326 403 481 607 616 700 744 755 814 1023 1066 
0 14 105 183 265 360 370 546 640 686 772 841 894 993 1141 1206 1280 1307 1392 1512 
160 300 474 538 648 674 753 1046 1071 1131 1237 1329 1388 1486 1583 1670 1698 1779 1825 1829 
0 66 173 265 322 360 383 481 547 641 736 829 860 1041 1070 1100 1153 1261 1282 1381 
122 239 341 541 630 728 827 868 894 946 1034 1186 1189 1323 1383 1384 1414 1488 1538 1629 
368 478 773 863 980 1063 1103 1206 1339 1398 1583 1674 1724 1746 1755 1779 1807 1845 1885 1928 
245 451 616 630 863 961 1052 1096 1146 1232 1390 1434 1483 1540 1670 1716 1783 1789 1885 1972 
14 304 480 913 955 994 1011 1057 1118 1384 1413 1482 1604 1673 1771 1831 1928 2004 2045 2100 
0 37 461 576 580 763 794 826 1053 1097 1162 1178 1262 1322 1674 1716 1776 1928 2019 2091 
0 187 224 275 436 451 465 658 751 881 1045 1118 1307 1316 1367 1392 1449 1490 1541 1621 
0 50 106 125 612 613 619 652 755 955 991 1070 1146 1247 1279 1356 1514 1566 1573 1670 
37 214 275 282 341 342 622 714 794 868 1097 1189 1243 1284 1338 1391 1476 1550 1694 1766 
