2161
0 60 122 154 235 300 353 384 482 523 550 610 653 701 725 786 873 880 925 975 
0 14 103 227 239 386 410 497 566 611 648 725 877 931 1048 1105 1109 1187 1288 1390 
0 60 105 139 235 300 375 467 536 576 602 676 706 724 931 980 1076 1134 1193 1288 
0 77 172 214 337 460 575 659 692 700 721 786 980 1071 1110 1207 1315 1406 1420 1504 
77 139 255 257 269 375 480 559 594 714 770 830 884 983 1042 1090 1145 1212 1243 1295 
139 162 257 290 359 370 482 550 594 681 764 781 904 955 1050 1135 1177 1298 1352 1355 
0 96 183 228 290 300 319 322 400 452 526 556 611 663 683 689 767 784 867 995 
0 14 96 140 162 171 226 255 323 326 410 516 607 616 700 797 808 867 1071 1094 
0 14 105 183 265 360 370 546 659 686 784 955 1011 1110 1187 1252 1337 1364 1448 1553 
160 300 474 538 652 765 819 1094 1101 1161 1352 1466 1525 1551 1648 1753 1781 1862 1908 1912 
0 66 173 265 322 360 383 481 566 689 784 877 908 1050 1053 1083 1111 1174 1195 1246 
122 239 341 541 630 819 944 985 1053 1105 1252 1384 1425 1457 1473 1474 1487 1495 1545 1611 
368 497 675 765 790 975 1015 1098 1170 1243 1333 1424 1487 1509 1518 1530 1558 1586 1626 1724 
245 451 616 648 864 985 1076 1124 1229 1348 1479 1525 1644 1674 1735 1781 1848 1854 1931 2018 
14 304 480 914 956 995 1012 1065 1406 1444 1473 1558 1616 1685 1783 1843 1940 2016 2057 2112 
0 37 461 576 580 764 795 827 1101 1145 1261 1333 1417 1555 1648 1781 1841 1940 2031 2103 
0 187 224 275 436 451 465 677 770 884 947 997 1065 1074 1125 1212 1269 1310 1407 1487 
0 50 106 125 612 613 619 652 682 956 994 1058 1134 1269 1313 1390 1452 1504 1542 1639 
37 214 275 282 341 342 622 714 795 851 1301 1330 1384 1425 1479 1486 1571 1645 1724 1796 
0 31 310 398 452 496 551 784 960 1330 1343 1430 1492 1560 1644 1726 1727 1731 1791 1933 
