2082
0 84 176 271 306 404 440 452 482 605 729 774 856 929 1011 
0 84 113 228 303 397 431 495 577 591 639 718 774 865 917 
0 84 160 208 303 430 569 584 661 754 865 873 973 1036 1131 
0 84 160 247 340 418 468 517 577 659 686 793 865 905 980 
120 192 340 404 577 644 752 929 1036 1127 1143 1201 1262 1315 1416 
0 84 352 490 700 840 980 997 1094 1167 1255 1332 1416 1433 1515 
133 157 249 282 344 464 508 558 644 751 782 981 1027 1120 1187 
84 130 207 306 439 533 646 831 896 993 1017 1086 1182 1263 1302 
0 119 192 234 494 579 718 817 896 947 997 1068 1108 1143 1201 
0 84 357 468 577 637 738 798 858 917 1036 1222 1332 1358 1362 
137 506 618 782 873 954 1089 1143 1176 1358 1416 1490 1552 1586 1602 
0 164 211 306 332 415 637 814 1098 1256 1329 1380 1476 1517 1532 
226 596 743 888 1020 1097 1175 1245 1329 1476 1517 1540 1633 1665 1671 
0 84 130 228 297 350 409 495 666 753 765 856 1162 1260 1274 
84 208 282 296 328 347 404 421 517 573 646 817 824 933 1002 
0 219 435 452 593 650 729 753 762 891 933 1093 1120 1255 1274 
84 160 395 459 573 625 699 1097 1182 1415 1418 1464 1511 1552 1633 
183 446 517 522 605 713 912 932 947 1187 1301 1394 1427 1490 1561 
84 176 605 950 1066 1088 1167 1418 1561 1605 1699 1796 1813 1861 1928 
0 584 725 1007 1260 1302 1359 1491 1585 1665 1734 1814 1849 1937 1984 
