1123
0 13 41 76 140 169 213 263 328 351 363 452 495 527 552 592 629 672 720 756 
0 21 45 81 118 141 187 233 246 264 278 289 322 357 388 422 497 537 583 611 
0 39 73 105 151 187 201 245 265 298 412 462 497 532 559 585 649 672 721 789 
39 70 104 138 182 225 260 317 351 374 441 465 477 520 557 595 658 698 730 766 
0 58 109 149 172 213 223 298 344 371 406 447 487 534 595 638 659 686 704 754 
0 48 82 104 118 140 150 195 233 284 340 356 376 388 429 462 497 542 558 589 
0 48 81 113 169 197 220 265 310 320 340 357 423 505 557 601 692 730 761 820 
19 43 120 143 187 253 352 391 407 441 495 542 585 629 672 714 738 766 810 843 
0 14 54 87 136 156 172 225 295 325 351 428 467 515 601 683 717 777 863 895 
0 32 54 86 113 154 219 263 296 336 376 422 447 476 642 658 698 752 766 806 
0 22 54 84 119 134 150 246 265 298 328 374 455 507 529 552 577 620 650 692 
0 81 120 154 190 235 263 283 321 345 420 452 488 658 728 785 821 859 905 949 
0 26 82 115 241 282 345 372 407 420 475 525 559 629 713 724 767 784 807 819 
32 94 151 201 229 283 317 363 392 532 611 636 683 699 766 845 891 912 956 970 
0 45 71 138 186 249 265 296 361 381 406 456 577 609 672 691 725 745 766 800 
76 165 213 281 323 386 399 463 536 578 672 724 806 816 856 895 949 997 1009 1036 
26 133 195 257 311 356 406 486 635 724 754 819 836 865 909 962 997 1044 1065 1075 
22 60 87 119 149 166 187 201 238 253 284 311 381 572 620 668 745 800 849 895 
0 17 57 213 249 391 438 452 476 534 612 668 698 775 821 859 882 922 937 947 
60 128 156 308 347 399 442 488 527 575 620 662 700 745 789 805 834 867 887 922 
