2415
0 34 126 230 304 310 375 453 532 591 668 725 805 863 977 
0 48 95 195 262 453 595 745 829 965 1084 1089 1164 1179 1256 
0 65 200 237 265 372 503 506 576 648 805 873 949 1002 1083 
0 77 107 225 278 424 503 595 598 650 725 799 902 984 1068 
50 65 131 217 255 325 535 541 591 662 752 776 799 832 984 
0 58 164 278 370 390 541 564 662 873 1025 1061 1073 1164 1264 
178 370 395 506 602 661 726 858 1089 1227 1301 1383 1442 1541 1612 
97 207 395 593 671 715 816 994 1074 1161 1228 1231 1310 1378 1458 
52 268 489 662 689 775 812 863 896 965 1175 1218 1227 1310 1398 
295 448 775 843 903 962 1025 1208 1240 1318 1345 1458 1548 1628 1689 
128 217 237 346 526 569 618 673 752 885 1074 1226 1399 1496 1572 
0 370 458 681 753 808 817 1061 1083 1218 1318 1383 1426 1536 1568 
8 380 528 908 983 1025 1106 1301 1518 1572 1622 1689 1728 1753 1859 
393 577 753 817 903 983 1106 1166 1333 1428 1520 1612 1723 1772 1818 
437 565 618 779 1056 1195 1314 1327 1403 1441 1533 1727 1729 1857 1917 
509 1115 1143 1176 1212 1218 1314 1401 1441 1629 1689 1758 1805 1859 1879 
108 590 654 665 859 882 1143 1317 1670 1753 1760 1938 2033 2095 2149 
190 673 686 1177 1274 1362 1449 1496 1772 1857 1923 1966 2005 2095 2125 
121 844 863 912 1274 1337 1367 1512 1599 1689 1831 1858 1931 2007 2131 
160 255 311 644 1337 1380 1476 1729 2033 2060 2062 2131 2206 2240 2319 
