3179
0 57 80 172 264 353 474 510 557 614 
0 87 207 259 340 422 491 553 621 698 
50 172 210 453 553 598 648 733 767 858 
0 155 301 508 733 879 978 1055 1090 1127 
0 131 228 311 396 553 649 828 971 1094 
0 87 398 474 524 646 737 835 952 996 
0 64 210 329 422 504 584 637 733 779 
237 265 395 474 602 733 778 941 974 1033 
60 184 392 494 565 691 751 860 1055 1168 
260 377 474 553 774 876 974 1055 1154 1172 
349 553 974 1094 1168 1270 1365 1448 1528 1644 
0 186 229 274 311 501 1070 1191 1299 1371 
0 93 184 474 1130 1210 1365 1587 1665 1783 
80 211 261 266 420 514 733 1168 1268 1365 
50 412 428 514 582 738 1187 1323 1443 1476 
50 132 524 553 784 828 1242 1463 1528 1644 
553 608 645 737 855 1287 1433 1479 1528 1565 
158 265 593 817 1095 1192 1324 1449 1477 1528 
88 236 743 800 894 1008 1033 1399 1491 1556 
189 301 698 765 967 1365 1565 1615 1659 1767 
222 311 886 1033 1301 1365 1500 1505 1548 1615 
568 958 1090 1439 1457 1545 1546 1703 1857 1945 
225 835 1090 1226 1323 1412 1457 1627 1733 1850 
56 645 1056 1127 1195 1365 1505 1632 1823 1953 
113 174 311 678 765 835 912 1516 1669 1923 
12 174 767 1683 1733 1911 2011 2135 2197 2281 
945 1055 1168 1476 1565 1728 1808 1828 1857 1920 
588 1767 1799 2011 2135 2281 2365 2398 2454 2522 
1135 1194 1408 1490 1528 1624 1665 1728 1799 1827 
891 1210 1785 1872 2079 2142 2303 2308 2398 2456 
384 1450 1586 1945 2011 2142 2247 2312 2374 2444 
31 939 1872 2044 2060 2081 2192 2288 2426 2549 
633 784 953 1070 1464 1546 1945 2049 2052 2086 
876 1249 1272 1515 1927 1947 1959 2135 2195 2433 
0 992 1578 1689 1823 1853 1984 2160 2303 2343 
1168 1218 1288 1676 2011 2135 2269 2279 2336 2398 
1055 1095 1947 2011 2052 2279 2398 2497 2605 2692 
659 1703 1853 2011 2044 2079 2135 2197 2357 2427 
1735 1984 2044 2135 2186 2306 2605 2626 2694 2752 
1828 2044 2079 2094 2232 2371 2444 2522 2549 2631 
845 1261 1466 2061 2303 2340 2380 2487 2549 2605 
1194 1259 1588 1922 1959 2044 2190 2249 2253 2303 
1076 1242 1594 2011 2049 2247 2336 2426 2627 2628 
425 877 2180 2269 2336 2628 2716 2752 2877 2910 
880 1298 1476 1689 1783 2258 2303 2427 2716 2791 
0 909 1559 2049 2515 2586 2613 2719 2792 2877 
479 1217 1271 2340 2456 2515 2549 2613 2791 2877 
553 2282 2584 2792 2967 2974 3040 3085 3098 3178 
1271 2283 2497 2584 2659 2849 2910 2931 2963 3040 
155 1291 1584 2219 2359 2620 2723 2796 2974 3040 
