2360
0 85 166 346 382 480 552 567 623 753 882 949 1004 1138 1273 
0 29 85 166 253 347 363 367 452 466 552 631 667 848 882 
0 166 346 394 448 563 720 789 882 989 1069 1091 1175 1252 1346 
0 1 71 253 394 480 552 592 655 696 726 882 976 1016 1122 
29 109 346 363 452 552 667 685 792 954 1000 1061 1211 1318 1383 
0 54 253 346 435 552 676 735 810 894 984 1091 1190 1252 1346 
42 85 166 225 382 469 499 631 783 825 882 965 1004 1071 1138 
166 195 225 346 497 567 623 724 797 976 1000 1069 1175 1192 1383 
0 36 166 225 346 358 698 797 949 1061 1091 1162 1190 1225 1283 
0 61 367 982 1192 1283 1436 1439 1499 1558 1653 1808 1843 1912 1916 
46 358 468 629 661 679 845 970 1061 1158 1252 1288 1371 1384 1432 
0 166 225 346 372 499 552 661 720 847 1158 1177 1384 1428 1499 
225 552 629 1061 1288 1439 1530 1634 1722 1808 1823 1846 1916 2009 2015 
0 74 561 685 693 1177 1346 1432 1558 1653 1674 1843 1942 2060 2071 
12 195 346 623 660 825 949 1365 1461 1586 1674 1706 1713 1912 1942 
0 166 441 452 552 561 696 737 752 810 882 949 976 1072 1138 
94 199 489 553 720 1091 1162 1461 1557 1942 2033 2141 2188 2228 2333 
170 452 552 561 644 720 949 969 1346 1406 1414 1507 1540 1603 1674 
74 166 659 667 1406 1507 1603 1626 1765 1789 1912 2009 2026 2074 2141 
0 552 779 1428 1487 1500 1557 1674 1789 1843 1945 2025 2060 2188 2235 
