4101
0 98 257 402 530 606 676 772 884 981 1125 1255 1339 1439 1593 
0 98 221 308 395 476 530 609 772 793 826 943 1025 1125 1180 
0 98 127 243 362 395 434 498 601 676 705 826 884 958 1125 
0 19 105 172 308 400 525 638 726 826 950 1180 1231 1284 1339 
0 127 395 486 638 676 826 885 947 1039 1125 1139 1193 1283 1397 
0 47 199 271 395 434 589 638 678 826 943 1039 1125 1224 1339 
105 199 246 456 515 648 752 886 1283 1364 1458 1515 1545 1653 1703 
0 131 478 575 641 839 884 982 988 1180 1253 1339 1421 1515 1616 
23 98 233 247 434 515 609 842 1439 1515 1593 1653 1779 1856 1889 
0 98 139 426 546 638 676 718 748 991 1515 1554 1593 1714 1733 
19 98 212 362 409 585 676 772 826 884 974 988 1125 1554 1665 
0 132 199 249 308 404 488 676 884 1039 1125 1206 1285 1368 1434 
0 23 98 181 362 476 1125 1190 1258 1301 1364 1422 1515 1534 1593 
0 129 241 362 395 638 958 976 1025 1125 1160 1364 1458 1609 1703 
164 395 441 686 1132 1180 1285 1339 1421 1472 1490 1599 1621 1653 1798 
0 142 263 427 548 1155 1368 1779 1875 2013 2132 2183 2269 2328 2504 
127 172 409 705 829 1594 1640 1763 1859 1958 1979 2070 2164 2260 2377 
236 260 826 901 982 1307 1460 1533 1593 1821 1856 1864 1905 1958 2069 
209 279 487 1340 1519 1703 1731 1779 1889 1979 2135 2218 2290 2383 2504 
0 98 687 772 972 1025 1240 1533 1543 1640 1665 1864 1875 1979 2063 
19 248 575 648 739 826 892 1364 1665 1827 1958 2012 2036 2236 2377 
199 409 505 567 676 943 1397 1434 1724 1765 1890 1994 2096 2159 2271 
136 245 434 585 598 646 748 826 885 991 1180 1231 1274 1339 1458 
216 1125 1490 1593 1733 1811 1875 1917 2147 2245 2288 2437 2521 2572 2666 
311 402 530 1408 1413 1811 1862 1979 2003 2088 2172 2217 2297 2379 2425 
404 1220 1621 1703 1738 1779 1812 1905 1979 2077 2297 2377 2504 2521 2609 
212 752 981 1042 1125 1287 1371 1479 1979 2046 2129 2247 2377 2538 2621 
99 199 426 494 984 1540 1653 1724 1771 1935 2077 2129 2183 2247 2379 
240 1541 2383 2504 2521 2584 2642 2748 2848 2958 3008 3110 3134 3216 3273 
1593 1738 2504 2584 2607 2614 2711 2811 2861 2898 2946 3006 3015 3073 3174 
23 338 779 1413 2584 2678 2748 2861 3008 3027 3070 3174 3273 3334 3431 
480 496 501 536 609 826 1703 1801 2020 2080 2183 2271 2578 2595 2666 
0 598 788 1515 1609 1703 1873 1979 2642 2735 2801 2848 2880 2922 3027 
226 482 748 947 1042 1653 1763 2230 2271 2291 2421 2422 2556 2595 2694 
974 1258 1411 1899 2735 2789 2860 3006 3103 3134 3273 3359 3361 3373 3512 
34 127 248 429 568 1045 1147 1220 1764 1787 1902 2067 2080 2256 2422 
0 122 177 338 1160 1623 1779 1979 2072 2789 2871 2946 3015 3049 3093 
654 884 1125 1515 1979 1988 2029 2299 2421 2643 2711 2946 2953 3070 3139 
413 1787 1988 2069 2102 2269 2383 2394 2454 2642 2792 2880 2946 3027 3134 
185 903 982 2129 2385 2461 2594 2678 2750 2790 2848 2914 2917 3006 3078 
23 240 1339 1346 2212 2306 2379 2504 2693 2844 2946 3021 3134 3174 3216 
98 884 1346 1640 1703 1859 2377 2394 2451 2538 2757 2785 2898 2914 3045 
1827 1994 2096 2461 2914 2962 3027 3110 3216 3274 3334 3359 3431 3524 3612 
177 310 1230 1663 2504 2750 2827 2837 2953 3021 3093 3134 3273 3319 3406 
994 1259 1340 1479 1515 2023 2157 2207 2962 3044 3174 3273 3287 3322 3359 
1301 1352 1710 2036 2288 2294 2524 3044 3134 3512 3597 3676 3722 3793 3868 
209 308 999 1307 1358 1397 1666 1703 1806 1859 1938 2003 2207 2377 3216 
2195 2291 2377 2621 2711 2712 3273 3359 3524 3542 3612 3722 3795 3871 3953 
676 1703 2453 2564 3359 3376 3405 3431 3512 3543 3622 3676 3726 3799 3871 
216 2013 2152 2183 3376 3597 3612 3707 3790 3799 3829 3868 3960 4007 4056 
